
524.0
815.0
1118.0
1724.0
2855.0
3127.0
3885.0
4538.0
4666.0
4852.0
4980.0
6374.0
6887.0
8171.0
8929.0
11017.0
11165.0
11468.0
12120.0
12948.0
13426.0
15866.0
16344.0
16716.0
17159.0
17744.0
18047.0
18444.0
19015.0
19686.0
19989.0
21411.0
22309.0
22542.0
24314.0
26066.0
26392.0
27348.0
28024.0
30912.0
30917.0
31080.0
32211.0
34882.0
35385.0
36003.0
37227.0
37705.0
38719.0
43601.0
44382.0
44580.0
46205.0
47033.0
50484.0
52798.0
53765.0
55994.0
57614.0
58226.0
58762.0
59411.0
61346.0
61439.0
64542.0
